0.004162812210915819
0.5407030527289547
1.0
0.5296022201665125
0.9893617021276596
0.3852913968547641
0.9491211840888066
0.6836262719703978
0.24098057354301572
0.5018501387604071
0.4703977798334875
0.1595744680851064
0.24098057354301572
0.3038852913968548
0.2285024154589372
0.8603145235892692
0.25208140610545793
0.967622571692877
0.1595744680851064
0.6771507863089732
0.9195189639222942
0.9935245143385754
0.667900092506938
0.6651248843663274
0.7983348751156337
0.015263644773358002
0.5294685990338164
0.9037927844588344
0.7224791859389454
0.2631822386679001
0.6567992599444958
0.10407030527289547
0.8066604995374653
0.42318840579710143
0.39595959595959596
0.4592969472710453
0.4148936170212766
0.2631822386679001
0.7035152636447733
0.9583718778908418
0.015263644773358002
0.9956521739130435
0.6632747456059205
0.5185013876040703
0.820536540240518
0.5185013876040703
0.5185013876040703
0.4703977798334875
0.913968547641073
0.3149861239592969
0.5518038852913969
0.9708603145235892
0.29278445883441256
0.33996299722479184
0.7109158186864015
0.4592969472710453
0.43709528214616095
0.2150786308973173
0.3038852913968548
0.1859903381642512
0.11767676767676767
0.04116558741905643
0.40379278445883443
0.3149861239592969
0.8982423681776133
0.8556891766882516
1.0
0.3482886216466235
0.0633672525439408
0.5740055504162812
0.3593894542090657
0.5980573543015726
0.18177613320999075
0.7516188714153561
0.6771507863089732
0.5740055504162812
0.6364477335800185
0.9167437557816837
0.5407030527289547
0.25208140610545793
0.8122109158186864
0.9125809435707678
0.3038852913968548
0.3038852913968548
0.22270531400966184
0.6577243293246994
0.5851063829787234
0.21877890841813136
0.6503237742830712
0.8085106382978723
0.1595744680851064
0.5962072155411656
0.17067530064754857
0.43709528214616095
0.6924144310823311
0.5407030527289547
0.883441258094357
0.7983348751156337
0.11517113783533765
0.4592969472710453
0.29324699352451433
0.5407030527289547
0.22987974098057354
0.10407030527289547
0.4222941720629047
0.25208140610545793
0.05226641998149861
0.7164662349676225
0.971322849213691
0.4259944495837188
0.681313598519889
0.9879740980573543
0.8552266419981499
0.21877890841813136
0.32608695652173914
0.8408880666049954
0.20767807585568918
0.3926919518963922
0.9158186864014801
0.5407030527289547
0.9361702127659575
0.1595744680851064
0.4592969472710453
0.7113783533765032
0.3371877890841813
0.9454209065679926
0.24098057354301572
0.4259944495837188
0.43709528214616095
0.7150786308973173
0.3149861239592969
0.562904717853839
0.6591119333950046
0.562904717853839
0.015263644773358002
0.32608695652173914
0.026364477335800184
0.9121184088806661
0.6956521739130435
0.07076780758556891
0.5851063829787234
1.0
0.377890841813136
0.11517113783533765
0.5518038852913969
0.11517113783533765
0.5407030527289547
0.6318223866790009
0.18177613320999075
0.12627197039777982
0.1484736355226642
0.3926919518963922
0.5185013876040703
0.13367252543940797
0.015263644773358002
0.004347826086956522
0.004545454545454545
0.004545454545454545
0.6864014801110083
0.759481961147086
0.09296947271045329
0.5962072155411656
0.6702127659574468
0.6308973172987974
0.004162812210915819
0.942512077294686
0.3371877890841813
0.2631822386679001
0.8737280296022202
0.7983348751156337
0.9403330249768732
0.6591119333950046
0.18177613320999075
0.04116558741905643
0.6170212765957447
0.984736355226642
0.8112858464384829
0.7974098057354302
0.41720629047178537
0.5962072155411656
0.5296022201665125
0.24098057354301572
0.956059204440333
0.44449583718778907
0.5296022201665125
0.10407030527289547
0.3482886216466235
0.5962072155411656
0.5296022201665125
0.9074930619796485
0.973172987974098
0.3593894542090657
0.13737280296022203
0.10407030527289547
0.562904717853839
0.562904717853839
0.562904717853839
0.24098057354301572
0.6480111008325624
0.09296947271045329
0.11517113783533765
0.015263644773358002
0.6260869565217392
0.6702127659574468
0.29278445883441256
0.3149861239592969
0.3371877890841813
0.6558741905642923
0.42738205365402404
0.6438482886216467
0.6512488436632747
0.0818686401480111
0.2631822386679001
0.5851063829787234
0.8843663274745606
0.026364477335800184
0.6924144310823311
0.7035152636447733
0.32608695652173914
0.25169082125603864
0.8686401480111008
0.4956521739130435
0.6126262626262626
0.7779833487511564
0.44819611470860315
0.8385753931544866
0.7955596669750231
0.44819611470860315
0.5148011100832562
0.681313598519889
0.026364477335800184
0.015263644773358002
0.4070305272895467
0.7058279370952821
0.7789084181313598
0.820536540240518
0.05226641998149861
0.7849213691026827
0.5407030527289547
0.17067530064754857
0.24098057354301572
0.8307123034227567
0.9047178538390379
0.5296022201665125
0.9782608695652174
0.40379278445883443
0.44449583718778907
0.9491211840888066
0.6110083256244219
0.4148936170212766
0.5259019426456985
0.7627197039777983
0.6369102682701202
0.4259944495837188
0.8862164662349676
0.3482886216466235
1.0
0.40379278445883443
0.12812210915818686
0.4555966697502313
0.6614246068455134
0.0633672525439408
0.5851063829787234
0.562904717853839
0.13737280296022203
0.3926919518963922
0.0633672525439408
0.27890841813135986
0.3149861239592969
0.31961147086031455
0.7243293246993524
0.004162812210915819
0.004347826086956522
0.004545454545454545
0.7409805735430157
0.7964847363552267
0.18177613320999075
0.32608695652173914
0.4592969472710453
0.6567992599444958
0.681313598519889
0.11517113783533765
0.5074005550416282
0.6493987049028677
0.15217391304347827
0.5814061054579094
0.09296947271045329
0.7243293246993524
0.8196114708603145
0.9824236817761333
0.973172987974098
0.272895467160037
0.6836262719703978
0.7164662349676225
0.9639222941720629
0.9010175763182239
0.13737280296022203
0.026364477335800184
0.6369102682701202
0.5851063829787234
0.5740055504162812
0.25208140610545793
0.22617946345975948
0.32608695652173914
0.6429232192414431
0.24838112858464384
0.8408880666049954
0.6480111008325624
0.6970397779833487
0.5481036077705828
0.026364477335800184
0.8159111933395005
0.11517113783533765
0.026364477335800184
0.021739130434782608
0.016666666666666666
0.44449583718778907
0.4925994449583719
0.3482886216466235
0.10407030527289547
0.16234967622571692
0.7460684551341351
0.32608695652173914
0.25208140610545793
0.015263644773358002
0.021739130434782608
0.10151515151515152
0.44819611470860315
0.6873265494912119
0.5296022201665125
0.6369102682701202
0.4888991674375578
0.05226641998149861
0.4703977798334875
0.5407030527289547
0.13737280296022203
0.0818686401480111
0.05226641998149861
0.4703977798334875
0.7853839037927844
0.4222941720629047
0.4703977798334875
0.5296022201665125
0.9084181313598519
0.5407030527289547
0.7280296022201665
0.7696577243293247
0.05226641998149861
0.8048103607770583
0.5407030527289547
0.32238667900092505
0.18177613320999075
0.0633672525439408
0.7109158186864015
0.5962072155411656
0.6873265494912119
0.2631822386679001
0.8242368177613321
0.3371877890841813
0.5296022201665125
0.05226641998149861
0.4592969472710453
0.17067530064754857
0.8788159111933395
0.5074005550416282
0.5407030527289547
0.8496762257169288
0.9426456984273821
0.7742830712303422
0.196577243293247
0.8936170212765957
0.10407030527289547
0.40379278445883443
0.9514338575393154
0.5245143385753932
0.026364477335800184
0.026364477335800184
0.7909343200740055
0.5740055504162812
0.0633672525439408
0.4148936170212766
0.25208140610545793
0.0818686401480111
0.6369102682701202
0.4148936170212766
0.9555966697502313
0.18177613320999075
0.8441258094357077
0.9565217391304348
0.8270120259019427
0.377890841813136
0.6110083256244219
0.5999074930619797
0.3112858464384829
0.7696577243293247
0.004162812210915819
0.004347826086956522
0.004545454545454545
0.10407030527289547
0.5074005550416282
0.17067530064754857
0.7742830712303422
0.015263644773358002
0.7955596669750231
0.37419056429232195
0.1595744680851064
0.10407030527289547
0.9037927844588344
0.7257169287696578
0.9019426456984274
0.10407030527289547
0.5074005550416282
0.4962997224791859
0.7220166512488436
0.3038852913968548
0.6984273820536541
0.7955596669750231
0.5962072155411656
0.25208140610545793
0.8501387604070305
0.7909343200740055
0.5074005550416282
0.4555966697502313
0.9935245143385754
0.7257169287696578
0.5962072155411656
0.9972247918593895
0.29278445883441256
0.9158186864014801
0.2631822386679001
0.9121184088806661
0.015263644773358002
0.015263644773358002
0.9343200740055504
0.9047178538390379
0.8390379278445883
0.09296947271045329
0.5185013876040703
0.7909343200740055
0.6438482886216467
0.4148936170212766
0.9010175763182239
0.7169287696577243
0.10407030527289547
0.6558741905642923
0.3926919518963922
0.0818686401480111
0.7733580018501388
0.5407030527289547
0.7058279370952821
0.8991674375578168
0.8085106382978723
0.7761332099907493
0.9361702127659575
0.11517113783533765
0.7724329324699353
0.8704902867715079
0.9121184088806661
0.4333950046253469
0.3926919518963922
0.3667900092506938
0.18177613320999075
0.5740055504162812
0.8640148011100832
0.17067530064754857
0.24098057354301572
0.7465309898242368
0.3371877890841813
0.4902867715078631
0.0633672525439408
0.9024051803885291
0.1595744680851064
0.15587419056429233
0.3593894542090657
0.816836262719704
0.9195189639222942
0.24098057354301572
0.11517113783533765
0.6632747456059205
0.0633672525439408
0.6817761332099908
0.9879740980573543
0.9879740980573543
0.9634597594819612
0.5296022201665125
0.43709528214616095
0.8441258094357077
0.4703977798334875
0.6480111008325624
0.3482886216466235
0.026364477335800184
0.9824236817761333
0.3038852913968548
0.1669750231267345
0.17067530064754857
0.9930619796484736
0.0818686401480111
0.7604070305272895
0.10407030527289547
0.5518038852913969
0.1595744680851064
0.44819611470860315
0.5296022201665125
0.5962072155411656
0.9121184088806661
0.24098057354301572
0.7761332099907493
0.6558741905642923
0.25208140610545793
0.13737280296022203
0.40379278445883443
0.27567067530064754
0.10777058279370953
0.7331174838112858
0.004162812210915819
0.004347826086956522
0.004545454545454545
0.0047568710359408035
0.4259944495837188
0.8825161887141536
0.6771507863089732
0.6854764107308048
0.004162812210915819
0.004347826086956522
0.004545454545454545
0.6110083256244219
0.9195189639222942
0.5851063829787234
0.09296947271045329
1.0
0.5962072155411656
0.9879740980573543
0.971322849213691
0.8279370952821462
0.3445883441258094
0.05226641998149861
0.3482886216466235
0.5851063829787234
0.5407030527289547
0.25208140610545793
0.6632747456059205
0.004162812210915819
0.9606845513413506
0.5999074930619797
0.11517113783533765
0.8991674375578168
0.015263644773358002
0.3371877890841813
0.4259944495837188
0.6493987049028677
0.2631822386679001
0.9824236817761333
0.3371877890841813
0.3347826086956522
0.35
0.9824236817761333
0.026364477335800184
0.5296022201665125
0.13737280296022203
0.5296022201665125
0.8792784458834413
0.47409805735430155
0.7220166512488436
0.22987974098057354
0.8640148011100832
0.5185013876040703
0.5185013876040703
0.984736355226642
0.18177613320999075
0.9010175763182239
0.13737280296022203
0.3038852913968548
0.4703977798334875
0.3926919518963922
0.9606845513413506
0.8990338164251208
0.6727272727272727
0.41226215644820297
0.7955596669750231
0.562904717853839
0.13737280296022203
0.7904717853839038
0.7696577243293247
0.4148936170212766
0.8862164662349676
0.7021276595744681
0.3593894542090657
0.9093432007400555
0.29278445883441256
0.004162812210915819
0.004162812210915819
0.5740055504162812
0.9824236817761333
0.5407030527289547
0.9671600370027752
0.2238667900092507
0.7872340425531915
0.8112858464384829
0.9361702127659575
0.5666049953746531
0.10407030527289547
0.3149861239592969
0.3289855072463768
0.1595744680851064
0.7252543940795559
0.6799259944495837
0.9981498612395929
0.5740055504162812
0.04116558741905643
0.24098057354301572
0.0818686401480111
0.1595744680851064
0.21877890841813136
0.9435707678075855
0.3001850138760407
0.8418131359851989
0.5185013876040703
0.8945420906567992
0.910268270120259
0.24098057354301572
0.4962997224791859
0.32608695652173914
0.25208140610545793
0.8325624421831638
0.9148936170212766
0.8122109158186864
0.6702127659574468
0.7368177613320999
0.562904717853839
0.6984273820536541
0.7816836262719704
0.5074005550416282
0.1484736355226642
0.7460684551341351
0.0818686401480111
0.09296947271045329
0.1484736355226642
0.7021276595744681
0.8214616096207216
0.46762257169287696
0.20767807585568918
0.562904717853839
0.3371877890841813
0.5518038852913969
0.9398704902867715
0.377890841813136
0.6480111008325624
0.3926919518963922
0.8233117483811286
0.681313598519889
0.41119333950046255
0.7715078630897317
0.5185013876040703
0.11517113783533765
0.5518038852913969
0.4703977798334875
0.8242368177613321
0.5296022201665125
0.692876965772433
0.7053654024051804
0.9824236817761333
0.562904717853839
0.18177613320999075
0.6891766882516188
0.10407030527289547
0.28908418131359853
0.9176688251618872
0.5518038852913969
0.4333950046253469
0.2631822386679001
0.13737280296022203
0.9417206290471786
0.9259944495837188
0.5999074930619797
0.43709528214616095
0.9935245143385754
0.9084181313598519
0.913968547641073
0.13783533765032377
0.7275670675300647
0.5185013876040703
0.4703977798334875
0.9745605920444034
0.6438482886216467
0.22987974098057354
0.8991674375578168
0.9454209065679926
0.3926919518963922
0.272895467160037
0.4148936170212766
0.7715078630897317
0.41119333950046255
0.48519888991674376
0.44449583718778907
0.7678075855689177
0.5962072155411656
0.4070305272895467
0.318686401480111
0.9047178538390379
0.43709528214616095
0.2631822386679001
0.8362627197039778
0.4703977798334875
0.13737280296022203
0.5851063829787234
0.18177613320999075
0.015263644773358002
0.9250693802035153
0.7275670675300647
0.09296947271045329
0.9218316373728029
0.3371877890841813
0.6022201665124884
0.9121184088806661
0.8085106382978723
0.6780758556891767
0.4259944495837188
0.1484736355226642
0.7696577243293247
0.0818686401480111
0.5962072155411656
0.9935245143385754
0.0818686401480111
0.43709528214616095
0.22987974098057354
0.8112858464384829
0.5962072155411656
0.25208140610545793
0.5296022201665125
0.5185013876040703
0.681313598519889
0.7257169287696578
0.25208140610545793
0.013876040703052728
0.014492753623188406
0.02070707070707071
0.015856236786469344
0.016611295681063124
0.759481961147086
0.7164662349676225
0.6591119333950046
0.5851063829787234
0.5407030527289547
0.1595744680851064
0.5518038852913969
0.5296022201665125
0.4925994449583719
0.6493987049028677
0.4333950046253469
0.30966183574879225
0.1505050505050505
0.15750528541226216
0.1716500553709856
0.10407030527289547
0.8270120259019427
0.5740055504162812
0.17067530064754857
0.757631822386679
0.3371877890841813
0.2632850241545894
0.43709528214616095
0.3593894542090657
0.32608695652173914
0.4703977798334875
0.562904717853839
0.7974098057354302
0.8963922294172063
0.43709528214616095
0.1595744680851064
0.9010175763182239
0.5851063829787234
0.8279370952821462
0.562904717853839
0.7035152636447733
0.2238667900092507
0.41859389454209067
0.7779833487511564
0.7474560592044404
0.13737280296022203
0.10407030527289547
0.2631822386679001
0.4703977798334875
0.026364477335800184
0.8233117483811286
0.25208140610545793
0.17067530064754857
0.7021276595744681
0.5518038852913969
0.3593894542090657
0.29278445883441256
0.9232192414431082
0.1484736355226642
0.9435707678075855
0.04116558741905643
0.09296947271045329
0.1595744680851064
0.7095282146160962
0.7035152636447733
0.5518038852913969
0.8381128584643849
0.7021276595744681
0.5407030527289547
0.3926919518963922
0.24098057354301572
0.20767807585568918
0.616558741905643
0.5518038852913969
0.9893617021276596
0.8954671600370028
0.4703977798334875
0.21785383903792785
0.5074005550416282
0.6947271045328399
0.700277520814061
0.3926919518963922
0.25208140610545793
0.5481036077705828
0.6669750231267345
0.05226641998149861
0.8381128584643849
0.6706753006475485
0.6054579093432008
0.08926919518963922
0.44819611470860315
0.7164662349676225
0.47363552266419984
0.4592969472710453
0.7035152636447733
0.4375578168362627
0.9296947271045328
0.40194264569842736
0.5296022201665125
0.7835337650323775
0.6410730804810361
0.4259944495837188
0.8330249768732655
0.5346901017576319
0.6984273820536541
0.9745605920444034
0.7021276595744681
0.8381128584643849
0.4148936170212766
0.32608695652173914
0.3926919518963922
0.22987974098057354
0.7872340425531915
0.5074005550416282
0.004162812210915819
0.004347826086956522
0.004347826086956522
0.8547641073080481
0.3482886216466235
0.3112858464384829
0.8959296947271045
0.024051803885291396
0.973172987974098
0.7890841813135985
0.8441258094357077
0.18177613320999075
0.9935245143385754
0.3482886216466235
0.21877890841813136
0.5407030527289547
0.4259944495837188
0.7058279370952821
0.4703977798334875
0.37650323774283073
0.759481961147086
0.7770582793709528
0.10407030527289547
0.7257169287696578
0.3149861239592969
0.3149861239592969
0.7903381642512077
0.18177613320999075
0.6110083256244219
0.5851063829787234
0.7613320999074931
0.17067530064754857
0.4888991674375578
0.7109158186864015
0.22987974098057354
0.3038852913968548
0.3371877890841813
0.3593894542090657
0.9269195189639223
0.22987974098057354
0.25208140610545793
0.24098057354301572
0.8519888991674376
0.18177613320999075
0.18177613320999075
0.4592969472710453
0.9296947271045328
0.9583718778908418
0.6706753006475485
0.06706753006475485
0.9990749306197965
0.25948196114708605
0.7187789084181314
0.004162812210915819
0.004162812210915819
0.681313598519889
0.9551341350601296
0.18177613320999075
0.9935245143385754
0.13367252543940797
0.5296022201665125
0.9787234042553191
0.32608695652173914
0.9222941720629048
0.5518038852913969
0.9935245143385754
0.6512488436632747
0.3371877890841813
0.4703977798334875
0.10407030527289547
0.9708603145235892
0.22987974098057354
0.8140610545790934
0.7631822386679001
0.23820536540240517
0.5296022201665125
0.40379278445883443
0.1595744680851064
0.8214616096207216
0.559204440333025
0.40379278445883443
0.2631822386679001
0.015263644773358002
0.5518038852913969
0.3038852913968548
0.6480111008325624
0.0633672525439408
0.2779833487511563
0.32608695652173914
0.5518038852913969
0.5296022201665125
0.32608695652173914
0.026364477335800184
0.3926919518963922
0.7909343200740055
0.9930619796484736
0.8233117483811286
0.4148936170212766
0.7752081406105458
0.8330249768732655
0.5222016651248844
0.1725254394079556
0.40379278445883443
0.940795559666975
0.24098057354301572
0.9195189639222942
0.8862164662349676
0.5518038852913969
0.7955596669750231
0.1595744680851064
0.393154486586494
0.30241545893719807
0.1202020202020202
0.669750231267345
0.0818686401480111
0.3482886216466235
0.8501387604070305
0.956059204440333
