0.6623496762257169
0.6623496762257169
0.5333333333333333
0.33535353535353535
0.23678646934460887
0.7835337650323775
0.7594202898550725
0.7080808080808081
0.6649048625792812
0.49169435215946844
0.3681765389082462
0.6873265494912119
0.3926919518963922
0.026364477335800184
0.026364477335800184
0.0633672525439408
0.07076780758556891
0.07076780758556891
0.9287696577243293
0.8570048309178744
0.8434343434343434
0.7621564482029598
0.6423034330011074
0.5853658536585366
0.4148936170212766
0.4148936170212766
0.30193236714975846
0.30193236714975846
0.17676767676767677
0.17676767676767677
0.2631822386679001
0.11517113783533765
0.11517113783533765
0.6924144310823311
0.4592969472710453
0.5296022201665125
0.43333333333333335
0.6212121212121212
0.8482886216466234
0.6184088806660499
0.6072463768115942
0.6348484848484849
0.9704016913319239
0.9333950046253469
0.6762257169287696
0.5183574879227053
0.2388888888888889
0.5903805496828752
0.9583718778908418
0.0818686401480111
0.6512488436632747
0.6512488436632747
0.5024154589371981
0.5959595959595959
0.4259944495837188
0.7164662349676225
0.7164662349676225
0.6980676328502415
0.5681818181818182
0.4001057082452431
0.4739756367663344
0.227061556329849
0.9841463414634146
0.8884615384615384
0.9093432007400555
0.5739130434782609
0.5363636363636364
0.49682875264270615
0.30841638981173863
0.35656213704994194
0.3146341463414634
0.31025641025641026
0.004162812210915819
0.004162812210915819
0.8233117483811286
0.5851063829787234
0.9583718778908418
0.9491211840888066
0.9491211840888066
0.923671497584541
0.908080808080808
0.4259944495837188
0.7770582793709528
0.7770582793709528
0.6647342995169082
0.6646464646464646
0.16173361522198731
0.5791805094130675
0.5667828106852497
0.5426829268292683
0.7833333333333333
0.08926919518963922
0.22987974098057354
0.0633672525439408
0.396854764107308
0.396854764107308
0.6594202898550725
0.6594202898550725
0.5873737373737373
0.36945031712473575
0.40919158361018826
0.2781649245063879
0.8719512195121951
0.4592969472710453
0.47363552266419984
0.9213691026827012
0.8995169082125604
0.7898989898989899
0.7209302325581395
0.18177613320999075
0.971322849213691
0.9323671497584541
0.8929292929292929
0.8276955602536998
0.9269195189639223
0.4838112858464385
0.0818686401480111
0.0818686401480111
0.3371877890841813
0.9879740980573543
0.913968547641073
0.8483091787439614
0.9106060606060606
0.5819238900634249
0.696577243293247
0.696577243293247
0.9632850241545894
0.9919191919191919
0.9873150105708245
0.25208140610545793
0.4703977798334875
0.4703977798334875
0.9956521739130435
0.9956521739130435
0.9954545454545455
0.9561310782241015
0.0633672525439408
0.004162812210915819
0.004162812210915819
0.9597594819611471
0.08926919518963922
0.08926919518963922
0.559204440333025
0.559204440333025
0.45265700483091786
0.30505050505050507
0.18921775898520085
0.1484736355226642
0.7220166512488436
0.7220166512488436
0.6623188405797101
0.7191919191919192
0.7029598308668076
0.9454209065679926
0.9454209065679926
0.9053140096618357
0.798989898989899
0.6659619450317125
0.4230343300110742
0.30255516840882696
0.2945121951219512
0.9158186864014801
0.8038852913968547
0.8075855689176689
0.8075855689176689
0.748792270531401
0.8898989898989899
0.9528214616096207
0.9130434782608695
0.7888888888888889
0.7790697674418605
0.7032115171650055
0.32608695652173914
0.5851063829787234
0.45265700483091786
0.352020202020202
0.5740055504162812
0.5740055504162812
0.9294685990338164
0.8414141414141414
0.8234672304439746
0.659468438538206
0.9972247918593895
0.991304347826087
0.9818181818181818
0.9746300211416491
0.9601328903654485
0.9477351916376306
0.801219512195122
0.6493987049028677
0.9047178538390379
0.8859903381642512
0.8404040404040404
0.2816836262719704
0.2816836262719704
0.3038852913968548
0.8566142460684552
0.7150786308973173
0.7150786308973173
0.6038647342995169
0.4575757575757576
0.29278445883441256
0.5296022201665125
0.971322849213691
0.9323671497584541
0.9348484848484848
0.6567992599444958
0.6567992599444958
0.5198067632850242
0.3333333333333333
0.004162812210915819
0.004162812210915819
0.3482886216466235
0.3482886216466235
0.24782608695652175
0.24782608695652175
0.2409090909090909
0.2409090909090909
0.08603145235892692
0.8441258094357077
0.8441258094357077
0.8043478260869565
0.746969696969697
0.7119450317124736
0.8529139685476411
0.5143385753931545
0.9930619796484736
0.9824236817761333
0.9178743961352657
0.8808080808080808
0.24098057354301572
0.6873265494912119
0.5748792270531401
0.45151515151515154
0.3313953488372093
0.327796234772979
0.29278445883441256
0.29278445883441256
0.5296022201665125
0.3038852913968548
0.3001850138760407
0.2631822386679001
0.7257169287696578
0.7257169287696578
0.9772946859903382
0.8696969696969697
0.40379278445883443
0.004162812210915819
0.11517113783533765
0.6702127659574468
0.6702127659574468
0.5647342995169082
0.6025252525252526
0.7252543940795559
0.7252543940795559
0.6763285024154589
0.693939393939394
0.9640591966173362
0.8117386489479512
0.43709528214616095
0.9671600370027752
0.7460684551341351
0.7792270531400967
0.6611111111111111
0.5448658649398704
0.09296947271045329
0.0633672525439408
0.5296022201665125
0.5296022201665125
0.7033816425120772
0.9424242424242424
0.9133192389006343
0.3038852913968548
0.5296022201665125
0.5296022201665125
0.4101449275362319
0.30757575757575756
0.4439746300211416
0.20767807585568918
0.1595744680851064
0.1595744680851064
0.10407030527289547
0.4592969472710453
0.4592969472710453
0.4797101449275362
0.4797101449275362
0.31363636363636366
0.84736355226642
0.9583718778908418
0.9583718778908418
0.9304347826086956
0.9050505050505051
0.5909090909090909
0.3892580287929125
0.3617886178861789
0.3548780487804878
0.21877890841813136
0.807123034227567
0.807123034227567
0.6400966183574879
0.5277777777777778
0.47938689217758984
0.4148936170212766
0.562904717853839
0.3926919518963922
0.0818686401480111
0.9708603145235892
0.9637681159420289
0.9959595959595959
0.8223866790009251
0.8223866790009251
0.6811594202898551
0.6545454545454545
0.5296022201665125
0.5594202898550724
0.5848484848484848
0.554968287526427
0.40310077519379844
0.8723404255319149
0.8723404255319149
0.7294685990338164
0.8878787878787879
0.8852913968547641
0.7584541062801933
0.602020202020202
0.4838112858464385
0.4838112858464385
0.521256038647343
0.521256038647343
0.41818181818181815
0.40009250693802034
0.5740055504162812
0.5740055504162812
0.6772946859903382
0.8090909090909091
0.9947145877378436
0.5185013876040703
0.7884057971014493
0.7287878787878788
0.8982423681776133
0.8982423681776133
0.7410628019323672
0.6747474747474748
0.29278445883441256
0.6480111008325624
0.0633672525439408
0.7483811285846439
0.7483811285846439
0.7806763285024154
0.6383838383838384
0.9551341350601296
0.8603864734299517
0.8237373737373738
0.7986257928118393
0.5310077519379846
0.491869918699187
0.38353658536585367
0.2519230769230769
0.6595744680851063
0.0633672525439408
0.18177613320999075
0.18177613320999075
0.5148011100832562
0.21877890841813136
0.13737280296022203
0.24098057354301572
0.8899167437557817
0.8899167437557817
0.8666666666666667
0.8414141414141414
0.5074005550416282
0.5748792270531401
0.45555555555555555
0.20767807585568918
0.20767807585568918
0.4592969472710453
0.9583718778908418
0.4148936170212766
0.5851063829787234
0.9435707678075855
0.8714975845410629
0.5191919191919192
0.2631822386679001
0.2631822386679001
0.6947271045328399
0.5826086956521739
0.42727272727272725
0.8889916743755781
0.9879740980573543
0.2150786308973173
0.7039777983348752
0.6386473429951691
0.6737373737373737
0.8260869565217391
0.29278445883441256
0.29278445883441256
0.13737280296022203
0.13737280296022203
0.6780758556891767
0.5652173913043478
0.40606060606060607
0.266384778012685
0.9634597594819612
0.9634597594819612
0.9444444444444444
0.8873737373737374
0.8001850138760407
0.8011100832562442
0.44079555966697503
0.4148936170212766
0.004162812210915819
0.004162812210915819
0.4592969472710453
0.3038852913968548
0.9639222941720629
0.9639222941720629
0.8830917874396135
0.8454545454545455
0.7621564482029598
0.7209302325581395
